//time         ,Q            ,time       ,TSS         ,time        ,VSS       ,time        ,BOD         ,time       ,sBOD       ,time       ,TP        ,time       ,TSP        ,time       ,TKN       ,time       ,sCOD       ,time       ,NH3       ,time       ,NO3
//          ,m^3/day           ,         ,mg/L        ,            ,mg/L       ,           ,mg/L        ,           ,mg/L       ,           ,mg/L       ,          ,mg/L       ,            ,mg/L       ,         ,mg/L       ,           ,mg/L       ,          ,mg/L
40210       ,108292.7       ,40210       ,19.66       ,40210       ,13.9       ,40210       ,16.8       ,40210       ,1.0       ,40210       ,0.3       ,40210       ,0.1       ,40210       ,23.5       ,40210       ,15.7       ,40210       ,14.9       ,40210       ,0.3
40211       ,141891.0       ,40211       ,14.31       ,40211       ,11.0       ,40211       ,8.3       ,40211       ,0.0       ,40211       ,0.2       ,40211       ,0.1       ,40211       ,23.2       ,40211       ,28.2       ,40211       ,16.2       ,40211       ,0.2
40212       ,137426.8       ,40212       ,16.23       ,40212       ,12.0       ,40212       ,9.1       ,40212       ,0.0       ,40212       ,0.3       ,40212       ,0.1       ,40212       ,23.3       ,40212       ,28.5       ,40212       ,16.5       ,40212       ,0.3
40213       ,135924.3       ,40213       ,13.38       ,40213       ,11.0       ,40213       ,8.5       ,40213       ,0.0       ,40213       ,0.2       ,40213       ,0.1       ,40213       ,21.1       ,40213       ,27.4       ,40213       ,15.1       ,40213       ,0.3
40214       ,128564.8       ,40214       ,9.45       ,40214       ,6.8       ,40214       ,4.7       ,40214       ,0.0       ,40214       ,0.2       ,40214       ,0.0       ,40214       ,21.1       ,40214       ,26.2       ,40214       ,14.6       ,40214       ,0.3
40215       ,126760.4       ,40215       ,13.57       ,40215       ,9.7       ,40215       ,8.2       ,40215       ,0.0       ,40215       ,0.2       ,40215       ,0.0       ,40215       ,16.0       ,40215       ,26.2       ,40215       ,13.3       ,40215       ,0.3
40216       ,130688.8       ,40216       ,19.79       ,40216       ,12.6       ,40216       ,10.5       ,40216       ,0.0       ,40216       ,0.2       ,40216       ,0.1       ,40216       ,15.0       ,40216       ,21.5       ,40216       ,13.5       ,40216       ,0.4
40217       ,133153.5       ,40217       ,16.39       ,40217       ,7.7       ,40217       ,12.2       ,40217       ,0.0       ,40217       ,0.1       ,40217       ,0.0       ,40217       ,18.4       ,40217       ,27.5       ,40217       ,13.6       ,40217       ,0.4
40218       ,131437.5       ,40218       ,11.71       ,40218       ,4.2       ,40218       ,9.7       ,40218       ,0.0       ,40218       ,0.2       ,40218       ,0.1       ,40218       ,18.3       ,40218       ,26.8       ,40218       ,12.6       ,40218       ,0.2
40219       ,131050.5       ,40219       ,4.34       ,40219       ,2.7       ,40219       ,7.3       ,40219       ,0.0       ,40219       ,0.2       ,40219       ,0.1       ,40219       ,17.5       ,40219       ,22.2       ,40219       ,13.9       ,40219       ,0.2
40220       ,133355.4       ,40220       ,4.16       ,40220       ,3.2       ,40220       ,6.9       ,40220       ,0.0       ,40220       ,0.1       ,40220       ,0.0       ,40220       ,15.3       ,40220       ,18.8       ,40220       ,13.7       ,40220       ,0.4
40221       ,138019.9       ,40221       ,6.20       ,40221       ,4.4       ,40221       ,10.1       ,40221       ,0.0       ,40221       ,0.2       ,40221       ,0.1       ,40221       ,15.6       ,40221       ,26.2       ,40221       ,14.0       ,40221       ,0.5
40222       ,135054.7       ,40222       ,10.37       ,40222       ,8.4       ,40222       ,7.5       ,40222       ,1.4       ,40222       ,0.1       ,40222       ,0.1       ,40222       ,12.0       ,40222       ,26.2       ,40222       ,10.4       ,40222       ,0.4
40223       ,133708.7       ,40223       ,3.00       ,40223       ,2.0       ,40223       ,7.7       ,40223       ,1.7       ,40223       ,0.2       ,40223       ,0.1       ,40223       ,16.4       ,40223       ,23.9       ,40223       ,14.8       ,40223       ,0.2
40224       ,136829.6       ,40224       ,4.22       ,40224       ,2.6       ,40224       ,8.4       ,40224       ,2.2       ,40224       ,0.2       ,40224       ,0.1       ,40224       ,17.1       ,40224       ,29.1       ,40224       ,14.0       ,40224       ,0.2
40225       ,136720.2       ,40225       ,9.16       ,40225       ,7.4       ,40225       ,10.4       ,40225       ,1.9       ,40225       ,0.2       ,40225       ,0.1       ,40225       ,20.0       ,40225       ,21.9       ,40225       ,13.6       ,40225       ,0.4
40226       ,134596.2       ,40226       ,7.34       ,40226       ,4.2       ,40226       ,8.3       ,40226       ,0.0       ,40226       ,0.2       ,40226       ,0.1       ,40226       ,18.7       ,40226       ,28.2       ,40226       ,14.0       ,40226       ,0.5
40227       ,145329.9       ,40227       ,6.05       ,40227       ,2.5       ,40227       ,8.2       ,40227       ,0.0       ,40227       ,0.2       ,40227       ,0.1       ,40227       ,20.5       ,40227       ,28.9       ,40227       ,14.4       ,40227       ,0.5
40228       ,155441.1       ,40228       ,17.81       ,40228       ,10.1       ,40228       ,11.4       ,40228       ,1.5       ,40228       ,0.2       ,40228       ,0.1       ,40228       ,17.0       ,40228       ,26.2       ,40228       ,14.1       ,40228       ,0.4
40229       ,137432.7       ,40229       ,7.57       ,40229       ,6.6       ,40229       ,12.0       ,40229       ,2.6       ,40229       ,0.2       ,40229       ,0.1       ,40229       ,16.3       ,40229       ,26.2       ,40229       ,11.0       ,40229       ,0.5
40230       ,156501.1       ,40230       ,7.45       ,40230       ,6.5       ,40230       ,15.3       ,40230       ,2.6       ,40230       ,0.2       ,40230       ,0.0       ,40230       ,15.1       ,40230       ,41.3       ,40230       ,11.0       ,40230       ,0.3
40231       ,195388.2       ,40231       ,9.30       ,40231       ,4.3       ,40231       ,15.7       ,40231       ,3.4       ,40231       ,0.2       ,40231       ,0.1       ,40231       ,15.2       ,40231       ,26.8       ,40231       ,11.4       ,40231       ,0.3
40232       ,214878.2       ,40232       ,11.94       ,40232       ,9.9       ,40232       ,25.8       ,40232       ,5.7       ,40232       ,0.3       ,40232       ,0.1       ,40232       ,16.0       ,40232       ,23.6       ,40232       ,9.8       ,40232       ,0.6
40233       ,170443.9       ,40233       ,23.11       ,40233       ,17.1       ,40233       ,26.5       ,40233       ,2.8       ,40233       ,0.4       ,40233       ,0.1       ,40233       ,16.8       ,40233       ,22.1       ,40233       ,10.0       ,40233       ,0.4
40234       ,168071.8       ,40234       ,11.53       ,40234       ,6.6       ,40234       ,14.0       ,40234       ,4.7       ,40234       ,0.2       ,40234       ,0.0       ,40234       ,16.6       ,40234       ,23.0       ,40234       ,11.3       ,40234       ,0.4
40235       ,173451.8       ,40235       ,8.83       ,40235       ,7.2       ,40235       ,12.3       ,40235       ,2.6       ,40235       ,0.2       ,40235       ,0.0       ,40235       ,15.1       ,40235       ,26.2       ,40235       ,14.6       ,40235       ,0.4
40236       ,161366.9       ,40236       ,13.62       ,40236       ,12.6       ,40236       ,       ,40236       ,0.0       ,40236       ,0.2       ,40236       ,0.1       ,40236       ,17.0       ,40236       ,26.2       ,40236       ,12.7       ,40236       ,0.4
40237       ,163671.2       ,40237       ,6.17       ,40237       ,11.2       ,40237       ,14.0       ,40237       ,2.4       ,40237       ,0.2       ,40237       ,0.1       ,40237       ,17.7       ,40237       ,26.3       ,40237       ,11.4       ,40237       ,0.5
40238       ,165729.5       ,40238       ,16.25       ,40238       ,13.7       ,40238       ,19.4       ,40238       ,3.1       ,40238       ,0.2       ,40238       ,0.1       ,40238       ,18.6       ,40238       ,24.8       ,40238       ,11.8       ,40238       ,0.4
40239       ,189059.1       ,40239       ,11.65       ,40239       ,10.3       ,40239       ,14.7       ,40239       ,2.9       ,40239       ,0.3       ,40239       ,0.1       ,40239       ,18.3       ,40239       ,22.1       ,40239       ,12.5       ,40239       ,0.3
40240       ,166590.7       ,40240       ,8.57       ,40240       ,6.4       ,40240       ,22.2       ,40240       ,3.2       ,40240       ,0.3       ,40240       ,0.1       ,40240       ,19.0       ,40240       ,21.9       ,40240       ,13.5       ,40240       ,0.5
40241       ,159166.6       ,40241       ,20.88       ,40241       ,14.8       ,40241       ,39.8       ,40241       ,3.6       ,40241       ,0.3       ,40241       ,0.1       ,40241       ,23.3       ,40241       ,26.9       ,40241       ,13.9       ,40241       ,0.6
40242       ,158925.3       ,40242       ,16.63       ,40242       ,12.7       ,40242       ,23.3       ,40242       ,6.7       ,40242       ,0.5       ,40242       ,0.1       ,40242       ,26.2       ,40242       ,26.2       ,40242       ,14.6       ,40242       ,0.3
40243       ,154647.8       ,40243       ,12.16       ,40243       ,10.0       ,40243       ,23.8       ,40243       ,5.7       ,40243       ,0.3       ,40243       ,0.1       ,40243       ,24.0       ,40243       ,26.2       ,40243       ,13.1       ,40243       ,0.6
40244       ,132543.7       ,40244       ,15.51       ,40244       ,11.3       ,40244       ,21.5       ,40244       ,2.7       ,40244       ,0.3       ,40244       ,0.1       ,40244       ,22.2       ,40244       ,27.2       ,40244       ,12.0       ,40244       ,0.5
40245       ,134537.3       ,40245       ,14.24       ,40245       ,12.1       ,40245       ,23.2       ,40245       ,5.8       ,40245       ,0.3       ,40245       ,0.1       ,40245       ,21.2       ,40245       ,31.8       ,40245       ,11.1       ,40245       ,0.1
40246       ,132051.6       ,40246       ,14.32       ,40246       ,12.2       ,40246       ,22.9       ,40246       ,6.3       ,40246       ,0.5       ,40246       ,0.2       ,40246       ,23.5       ,40246       ,23.0       ,40246       ,17.4       ,40246       ,0.9
40247       ,117903.9       ,40247       ,29.85       ,40247       ,21.4       ,40247       ,28.2       ,40247       ,6.7       ,40247       ,0.6       ,40247       ,0.1       ,40247       ,20.8       ,40247       ,24.3       ,40247       ,17.7       ,40247       ,0.9
40248       ,118168.8       ,40248       ,22.05       ,40248       ,18.5       ,40248       ,20.8       ,40248       ,6.2       ,40248       ,0.4       ,40248       ,0.1       ,40248       ,24.6       ,40248       ,31.6       ,40248       ,18.1       ,40248       ,0.9
40249       ,161617.7       ,40249       ,25.55       ,40249       ,22.1       ,40249       ,21.0       ,40249       ,6.3       ,40249       ,0.6       ,40249       ,0.1       ,40249       ,20.4       ,40249       ,26.2       ,40249       ,15.3       ,40249       ,0.9
40250       ,173310.8       ,40250       ,24.60       ,40250       ,21.1       ,40250       ,14.0       ,40250       ,4.9       ,40250       ,0.8       ,40250       ,0.0       ,40250       ,14.5       ,40250       ,26.2       ,40250       ,10.6       ,40250       ,0.7
40251       ,178360.5       ,40251       ,14.91       ,40251       ,13.2       ,40251       ,15.7       ,40251       ,2.8       ,40251       ,0.4       ,40251       ,0.1       ,40251       ,10.9       ,40251       ,16.5       ,40251       ,8.3       ,40251       ,0.9
40252       ,159441.0       ,40252       ,16.56       ,40252       ,13.9       ,40252       ,11.7       ,40252       ,4.9       ,40252       ,0.4       ,40252       ,0.1       ,40252       ,15.4       ,40252       ,30.9       ,40252       ,11.2       ,40252       ,0.6
40253       ,171525.9       ,40253       ,18.25       ,40253       ,7.4       ,40253       ,6.0       ,40253       ,0.0       ,40253       ,0.3       ,40253       ,0.1       ,40253       ,16.1       ,40253       ,25.9       ,40253       ,12.8       ,40253       ,0.9
40254       ,118734.2       ,40254       ,10.44       ,40254       ,8.0       ,40254       ,11.7       ,40254       ,3.1       ,40254       ,0.3       ,40254       ,0.1       ,40254       ,18.7       ,40254       ,33.8       ,40254       ,15.1       ,40254       ,0.7
40255       ,112412.6       ,40255       ,13.62       ,40255       ,11.8       ,40255       ,16.4       ,40255       ,3.3       ,40255       ,0.5       ,40255       ,0.2       ,40255       ,18.9       ,40255       ,28.4       ,40255       ,15.4       ,40255       ,0.7
40256       ,111800.1       ,40256       ,13.02       ,40256       ,10.3       ,40256       ,18.5       ,40256       ,4.4       ,40256       ,0.4       ,40256       ,0.2       ,40256       ,22.7       ,40256       ,26.2       ,40256       ,15.7       ,40256       ,0.8
40257       ,107877.0       ,40257       ,14.36       ,40257       ,11.7       ,40257       ,13.9       ,40257       ,3.4       ,40257       ,0.3       ,40257       ,0.1       ,40257       ,23.6       ,40257       ,26.2       ,40257       ,17.4       ,40257       ,0.8
40258       ,121673.1       ,40258       ,12.33       ,40258       ,9.0       ,40258       ,16.0       ,40258       ,8.2       ,40258       ,0.3       ,40258       ,0.1       ,40258       ,16.6       ,40258       ,21.0       ,40258       ,14.1       ,40258       ,0.8
40259       ,125899.0       ,40259       ,17.85       ,40259       ,14.3       ,40259       ,28.9       ,40259       ,5.7       ,40259       ,0.5       ,40259       ,0.1       ,40259       ,19.3       ,40259       ,44.6       ,40259       ,14.9       ,40259       ,1.0
40260       ,136472.1       ,40260       ,8.95       ,40260       ,7.0       ,40260       ,15.8       ,40260       ,3.1       ,40260       ,0.3       ,40260       ,       ,40260       ,18.2       ,40260       ,26.3       ,40260       ,14.2       ,40260       ,1.0
40261       ,120182.7       ,40261       ,16.19       ,40261       ,14.0       ,40261       ,17.3       ,40261       ,3.9       ,40261       ,0.3       ,40261       ,0.1       ,40261       ,22.3       ,40261       ,34.6       ,40261       ,15.9       ,40261       ,1.0
40262       ,116113.4       ,40262       ,19.88       ,40262       ,15.8       ,40262       ,13.6       ,40262       ,0.9       ,40262       ,0.4       ,40262       ,0.2       ,40262       ,20.7       ,40262       ,25.9       ,40262       ,17.0       ,40262       ,1.3
40263       ,151908.1       ,40263       ,22.56       ,40263       ,17.4       ,40263       ,25.0       ,40263       ,6.4       ,40263       ,0.6       ,40263       ,0.1       ,40263       ,19.2       ,40263       ,26.2       ,40263       ,16.5       ,40263       ,1.5
40264       ,120848.9       ,40264       ,32.04       ,40264       ,23.7       ,40264       ,20.9       ,40264       ,4.2       ,40264       ,0.8       ,40264       ,0.2       ,40264       ,23.6       ,40264       ,26.2       ,40264       ,12.6       ,40264       ,1.6
40265       ,119667.9       ,40265       ,36.05       ,40265       ,27.1       ,40265       ,25.7       ,40265       ,3.4       ,40265       ,0.8       ,40265       ,0.2       ,40265       ,21.2       ,40265       ,37.4       ,40265       ,12.1       ,40265       ,1.7
40266       ,163305.9       ,40266       ,33.32       ,40266       ,25.2       ,40266       ,33.3       ,40266       ,5.0       ,40266       ,0.7       ,40266       ,0.1       ,40266       ,16.8       ,40266       ,27.5       ,40266       ,9.2       ,40266       ,1.6
40267       ,128537.0       ,40267       ,10.23       ,40267       ,8.1       ,40267       ,12.3       ,40267       ,2.7       ,40267       ,0.4       ,40267       ,0.1       ,40267       ,17.9       ,40267       ,26.0       ,40267       ,10.5       ,40267       ,1.5
40268       ,123616.0       ,40268       ,11.34       ,40268       ,9.3       ,40268       ,16.3       ,40268       ,2.0       ,40268       ,0.3       ,40268       ,0.0       ,40268       ,18.2       ,40268       ,47.5       ,40268       ,11.2       ,40268       ,1.6
40269       ,118517.1       ,40269       ,15.90       ,40269       ,11.6       ,40269       ,18.6       ,40269       ,3.0       ,40269       ,0.3       ,40269       ,0.1       ,40269       ,19.9       ,40269       ,32.7       ,40269       ,12.3       ,40269       ,1.5
40270       ,117055.9       ,40270       ,13.57       ,40270       ,10.4       ,40270       ,19.9       ,40270       ,3.1       ,40270       ,0.6       ,40270       ,0.1       ,40270       ,21.8       ,40270       ,26.2       ,40270       ,11.9       ,40270       ,1.5
40271       ,115038.3       ,40271       ,11.09       ,40271       ,8.1       ,40271       ,17.5       ,40271       ,2.7       ,40271       ,0.3       ,40271       ,0.1       ,40271       ,18.1       ,40271       ,26.2       ,40271       ,12.3       ,40271       ,1.7
40272       ,114065.5       ,40272       ,16.08       ,40272       ,13.9       ,40272       ,20.9       ,40272       ,2.8       ,40272       ,0.5       ,40272       ,0.0       ,40272       ,17.5       ,40272       ,25.0       ,40272       ,11.9       ,40272       ,1.7
40273       ,115837.0       ,40273       ,18.01       ,40273       ,15.6       ,40273       ,17.3       ,40273       ,0.8       ,40273       ,0.4       ,40273       ,0.1       ,40273       ,21.2       ,40273       ,24.6       ,40273       ,12.3       ,40273       ,1.7
40274       ,117801.6       ,40274       ,17.86       ,40274       ,12.9       ,40274       ,23.7       ,40274       ,3.8       ,40274       ,0.5       ,40274       ,0.1       ,40274       ,22.8       ,40274       ,25.7       ,40274       ,13.8       ,40274       ,1.7
40275       ,114780.9       ,40275       ,22.34       ,40275       ,14.5       ,40275       ,21.2       ,40275       ,3.5       ,40275       ,0.5       ,40275       ,0.1       ,40275       ,27.7       ,40275       ,40.9       ,40275       ,13.2       ,40275       ,1.7
40276       ,121094.9       ,40276       ,9.31       ,40276       ,7.5       ,40276       ,20.6       ,40276       ,5.2       ,40276       ,0.5       ,40276       ,0.1       ,40276       ,30.1       ,40276       ,21.6       ,40276       ,13.4       ,40276       ,2.1
40277       ,142361.3       ,40277       ,11.80       ,40277       ,9.5       ,40277       ,25.3       ,40277       ,5.7       ,40277       ,0.7       ,40277       ,0.1       ,40277       ,21.5       ,40277       ,26.2       ,40277       ,9.9       ,40277       ,2.0
40278       ,110548.8       ,40278       ,10.64       ,40278       ,9.1       ,40278       ,14.9       ,40278       ,2.4       ,40278       ,0.3       ,40278       ,0.1       ,40278       ,22.9       ,40278       ,26.2       ,40278       ,13.1       ,40278       ,2.1
40279       ,98616.6       ,40279       ,8.42       ,40279       ,6.8       ,40279       ,15.2       ,40279       ,2.4       ,40279       ,0.4       ,40279       ,0.1       ,40279       ,28.4       ,40279       ,22.4       ,40279       ,12.3       ,40279       ,1.9
40280       ,111631.4       ,40280       ,17.00       ,40280       ,14.8       ,40280       ,15.6       ,40280       ,1.0       ,40280       ,0.4       ,40280       ,0.1       ,40280       ,27.9       ,40280       ,46.2       ,40280       ,13.0       ,40280       ,2.0
40281       ,113792.9       ,40281       ,12.26       ,40281       ,10.1       ,40281       ,39.6       ,40281       ,2.0       ,40281       ,0.5       ,40281       ,0.2       ,40281       ,32.4       ,40281       ,25.7       ,40281       ,14.7       ,40281       ,2.4
40282       ,100750.1       ,40282       ,14.68       ,40282       ,8.6       ,40282       ,38.8       ,40282       ,20.4       ,40282       ,1.6       ,40282       ,0.6       ,40282       ,34.5       ,40282       ,26.6       ,40282       ,15.8       ,40282       ,1.7
40283       ,93313.3       ,40283       ,8.85       ,40283       ,7.5       ,40283       ,11.7       ,40283       ,0.4       ,40283       ,0.5       ,40283       ,0.1       ,40283       ,32.8       ,40283       ,12.9       ,40283       ,18.3       ,40283       ,2.1
40284       ,92619.3       ,40284       ,12.89       ,40284       ,10.3       ,40284       ,14.5       ,40284       ,2.7       ,40284       ,0.4       ,40284       ,0.1       ,40284       ,33.1       ,40284       ,26.2       ,40284       ,15.1       ,40284       ,2.7
40285       ,89701.4       ,40285       ,6.31       ,40285       ,3.5       ,40285       ,14.6       ,40285       ,2.6       ,40285       ,0.4       ,40285       ,0.1       ,40285       ,28.2       ,40285       ,26.2       ,40285       ,14.3       ,40285       ,2.6
40286       ,90603.5       ,40286       ,13.15       ,40286       ,9.6       ,40286       ,10.8       ,40286       ,2.4       ,40286       ,0.4       ,40286       ,0.1       ,40286       ,28.3       ,40286       ,23.1       ,40286       ,13.5       ,40286       ,2.6
40287       ,92556.2       ,40287       ,11.84       ,40287       ,10.1       ,40287       ,15.4       ,40287       ,5.2       ,40287       ,0.5       ,40287       ,0.1       ,40287       ,31.5       ,40287       ,24.7       ,40287       ,14.2       ,40287       ,2.6
40288       ,90818.1       ,40288       ,17.29       ,40288       ,12.4       ,40288       ,18.6       ,40288       ,2.0       ,40288       ,0.4       ,40288       ,0.1       ,40288       ,34.4       ,40288       ,20.7       ,40288       ,15.7       ,40288       ,2.2
40289       ,102316.2       ,40289       ,15.72       ,40289       ,13.7       ,40289       ,18.3       ,40289       ,5.0       ,40289       ,0.5       ,40289       ,0.1       ,40289       ,33.7       ,40289       ,19.9       ,40289       ,15.3       ,40289       ,2.4
40290       ,91001.0       ,40290       ,7.00       ,40290       ,5.4       ,40290       ,20.8       ,40290       ,3.1       ,40290       ,0.5       ,40290       ,0.1       ,40290       ,27.8       ,40290       ,21.6       ,40290       ,13.5       ,40290       ,2.3
40291       ,89180.9       ,40291       ,8.69       ,40291       ,5.7       ,40291       ,15.4       ,40291       ,6.1       ,40291       ,1.0       ,40291       ,0.1       ,40291       ,43.5       ,40291       ,26.2       ,40291       ,15.0       ,40291       ,2.4
40292       ,87013.7       ,40292       ,15.75       ,40292       ,11.6       ,40292       ,14.6       ,40292       ,7.6       ,40292       ,0.4       ,40292       ,0.1       ,40292       ,34.0       ,40292       ,26.2       ,40292       ,14.9       ,40292       ,2.6
40293       ,93515.2       ,40293       ,13.68       ,40293       ,8.3       ,40293       ,15.9       ,40293       ,1.0       ,40293       ,0.5       ,40293       ,0.1       ,40293       ,33.5       ,40293       ,20.8       ,40293       ,13.7       ,40293       ,2.4
40294       ,103747.5       ,40294       ,14.34       ,40294       ,12.2       ,40294       ,16.7       ,40294       ,2.6       ,40294       ,0.4       ,40294       ,0.1       ,40294       ,28.5       ,40294       ,27.3       ,40294       ,13.9       ,40294       ,2.4
40295       ,100237.4       ,40295       ,10.80       ,40295       ,8.8       ,40295       ,15.7       ,40295       ,3.6       ,40295       ,0.5       ,40295       ,0.1       ,40295       ,28.1       ,40295       ,21.5       ,40295       ,14.4       ,40295       ,1.8
40296       ,98509.9       ,40296       ,9.70       ,40296       ,7.3       ,40296       ,15.6       ,40296       ,4.6       ,40296       ,0.5       ,40296       ,0.1       ,40296       ,25.0       ,40296       ,27.8       ,40296       ,15.1       ,40296       ,1.7
40297       ,96596.5       ,40297       ,23.69       ,40297       ,18.5       ,40297       ,17.1       ,40297       ,3.0       ,40297       ,1.0       ,40297       ,0.1       ,40297       ,32.6       ,40297       ,22.7       ,40297       ,15.1       ,40297       ,2.1
40298       ,96414.1       ,40298       ,18.68       ,40298       ,12.7       ,40298       ,26.7       ,40298       ,4.7       ,40298       ,0.5       ,40298       ,0.1       ,40298       ,47.4       ,40298       ,26.2       ,40298       ,14.7       ,40298       ,1.8
40299       ,93822.9       ,40299       ,16.55       ,40299       ,14.5       ,40299       ,26.1       ,40299       ,5.7       ,40299       ,0.5       ,40299       ,0.1       ,40299       ,32.4       ,40299       ,26.2       ,40299       ,15.5       ,40299       ,1.6
40300       ,94380.3       ,40300       ,24.06       ,40300       ,19.7       ,40300       ,37.8       ,40300       ,15.6       ,40300       ,0.8       ,40300       ,0.2       ,40300       ,33.0       ,40300       ,38.7       ,40300       ,15.3       ,40300       ,2.4
40301       ,115114.0       ,40301       ,24.89       ,40301       ,21.5       ,40301       ,30.6       ,40301       ,5.5       ,40301       ,0.8       ,40301       ,0.2       ,40301       ,35.2       ,40301       ,18.4       ,40301       ,13.4       ,40301       ,1.8
40302       ,98854.0       ,40302       ,37.51       ,40302       ,31.8       ,40302       ,33.3       ,40302       ,4.2       ,40302       ,1.3       ,40302       ,0.1       ,40302       ,42.9       ,40302       ,24.9       ,40302       ,13.0       ,40302       ,1.4
40303       ,93289.5       ,40303       ,21.10       ,40303       ,19.1       ,40303       ,30.9       ,40303       ,3.8       ,40303       ,1.2       ,40303       ,0.1       ,40303       ,44.3       ,40303       ,29.1       ,40303       ,16.7       ,40303       ,1.1
40304       ,92611.5       ,40304       ,20.77       ,40304       ,17.9       ,40304       ,24.3       ,40304       ,5.9       ,40304       ,0.9       ,40304       ,0.2       ,40304       ,42.8       ,40304       ,34.8       ,40304       ,17.1       ,40304       ,1.4
40305       ,94081.0       ,40305       ,17.08       ,40305       ,7.6       ,40305       ,12.9       ,40305       ,4.1       ,40305       ,0.6       ,40305       ,0.1       ,40305       ,42.3       ,40305       ,26.2       ,40305       ,14.5       ,40305       ,1.8
40306       ,90619.0       ,40306       ,14.52       ,40306       ,8.4       ,40306       ,25.6       ,40306       ,4.8       ,40306       ,0.6       ,40306       ,0.2       ,40306       ,31.2       ,40306       ,26.2       ,40306       ,15.6       ,40306       ,1.8
40307       ,87174.3       ,40307       ,4.41       ,40307       ,2.8       ,40307       ,17.2       ,40307       ,3.7       ,40307       ,0.4       ,40307       ,0.1       ,40307       ,40.1       ,40307       ,24.4       ,40307       ,15.1       ,40307       ,1.7
40308       ,95485.0       ,40308       ,16.61       ,40308       ,28.9       ,40308       ,19.9       ,40308       ,3.2       ,40308       ,0.4       ,40308       ,0.1       ,40308       ,34.6       ,40308       ,24.4       ,40308       ,15.9       ,40308       ,1.6
40309       ,100619.4       ,40309       ,23.45       ,40309       ,17.9       ,40309       ,22.5       ,40309       ,3.9       ,40309       ,0.6       ,40309       ,0.2       ,40309       ,37.7       ,40309       ,33.0       ,40309       ,18.0       ,40309       ,1.7
40310       ,100722.6       ,40310       ,13.29       ,40310       ,11.3       ,40310       ,30.0       ,40310       ,4.9       ,40310       ,0.7       ,40310       ,0.2       ,40310       ,36.1       ,40310       ,29.4       ,40310       ,15.8       ,40310       ,1.6
40311       ,97030.1       ,40311       ,18.73       ,40311       ,16.7       ,40311       ,24.4       ,40311       ,4.2       ,40311       ,0.6       ,40311       ,0.1       ,40311       ,34.0       ,40311       ,30.4       ,40311       ,14.6       ,40311       ,1.2
40312       ,103114.3       ,40312       ,12.41       ,40312       ,10.7       ,40312       ,27.7       ,40312       ,4.1       ,40312       ,0.4       ,40312       ,0.2       ,40312       ,34.1       ,40312       ,26.2       ,40312       ,15.5       ,40312       ,1.1
40313       ,99831.3       ,40313       ,14.48       ,40313       ,11.9       ,40313       ,19.9       ,40313       ,2.8       ,40313       ,0.4       ,40313       ,0.1       ,40313       ,26.0       ,40313       ,26.2       ,40313       ,11.4       ,40313       ,1.4
40314       ,94879.3       ,40314       ,12.65       ,40314       ,11.1       ,40314       ,15.2       ,40314       ,0.9       ,40314       ,0.3       ,40314       ,0.1       ,40314       ,27.9       ,40314       ,28.4       ,40314       ,12.2       ,40314       ,1.5
40315       ,106872.2       ,40315       ,13.61       ,40315       ,11.3       ,40315       ,16.2       ,40315       ,3.1       ,40315       ,0.3       ,40315       ,0.1       ,40315       ,24.6       ,40315       ,25.3       ,40315       ,14.1       ,40315       ,1.5
40316       ,104848.7       ,40316       ,18.02       ,40316       ,11.3       ,40316       ,17.9       ,40316       ,6.1       ,40316       ,0.3       ,40316       ,0.1       ,40316       ,22.7       ,40316       ,22.7       ,40316       ,12.1       ,40316       ,1.3
40317       ,86179.8       ,40317       ,5.44       ,40317       ,4.1       ,40317       ,13.6       ,40317       ,1.4       ,40317       ,0.3       ,40317       ,0.1       ,40317       ,35.3       ,40317       ,21.7       ,40317       ,14.4       ,40317       ,1.3
40318       ,83244.1       ,40318       ,7.42       ,40318       ,6.4       ,40318       ,21.8       ,40318       ,4.1       ,40318       ,0.3       ,40318       ,0.1       ,40318       ,27.2       ,40318       ,24.2       ,40318       ,16.6       ,40318       ,1.4
40319       ,84458.6       ,40319       ,8.42       ,40319       ,6.8       ,40319       ,15.6       ,40319       ,3.6       ,40319       ,0.4       ,40319       ,0.1       ,40319       ,31.6       ,40319       ,26.2       ,40319       ,17.5       ,40319       ,1.2
40320       ,82480.7       ,40320       ,8.48       ,40320       ,6.5       ,40320       ,18.0       ,40320       ,4.0       ,40320       ,0.4       ,40320       ,0.1       ,40320       ,26.7       ,40320       ,26.2       ,40320       ,17.4       ,40320       ,1.4
40321       ,112858.5       ,40321       ,15.08       ,40321       ,12.3       ,40321       ,26.4       ,40321       ,5.2       ,40321       ,0.5       ,40321       ,0.1       ,40321       ,22.3       ,40321       ,25.7       ,40321       ,13.2       ,40321       ,1.2
40322       ,89139.9       ,40322       ,9.50       ,40322       ,3.3       ,40322       ,17.3       ,40322       ,4.0       ,40322       ,0.3       ,40322       ,0.1       ,40322       ,27.5       ,40322       ,23.0       ,40322       ,14.5       ,40322       ,1.2
40323       ,85941.2       ,40323       ,19.68       ,40323       ,15.0       ,40323       ,25.4       ,40323       ,3.8       ,40323       ,0.4       ,40323       ,0.1       ,40323       ,29.7       ,40323       ,17.9       ,40323       ,17.0       ,40323       ,1.3
40324       ,95257.9       ,40324       ,17.13       ,40324       ,12.4       ,40324       ,21.6       ,40324       ,6.2       ,40324       ,0.4       ,40324       ,0.1       ,40324       ,29.0       ,40324       ,26.2       ,40324       ,17.2       ,40324       ,1.2
40325       ,95963.3       ,40325       ,12.58       ,40325       ,10.3       ,40325       ,16.7       ,40325       ,5.0       ,40325       ,0.4       ,40325       ,0.1       ,40325       ,30.2       ,40325       ,16.3       ,40325       ,17.5       ,40325       ,1.4
40326       ,104239.6       ,40326       ,17.74       ,40326       ,13.9       ,40326       ,20.5       ,40326       ,3.4       ,40326       ,0.5       ,40326       ,0.2       ,40326       ,25.9       ,40326       ,26.2       ,40326       ,16.0       ,40326       ,1.2
40327       ,92769.5       ,40327       ,8.25       ,40327       ,6.9       ,40327       ,17.5       ,40327       ,3.6       ,40327       ,0.4       ,40327       ,0.1       ,40327       ,24.4       ,40327       ,26.2       ,40327       ,15.6       ,40327       ,1.2
40328       ,86362.2       ,40328       ,6.74       ,40328       ,4.7       ,40328       ,15.0       ,40328       ,4.5       ,40328       ,0.4       ,40328       ,0.1       ,40328       ,30.7       ,40328       ,28.1       ,40328       ,16.3       ,40328       ,1.0
40329       ,83310.3       ,40329       ,7.62       ,40329       ,6.6       ,40329       ,12.6       ,40329       ,3.0       ,40329       ,0.3       ,40329       ,0.1       ,40329       ,25.0       ,40329       ,31.9       ,40329       ,16.6       ,40329       ,1.0
40330       ,102587.8       ,40330       ,14.22       ,40330       ,9.7       ,40330       ,15.5       ,40330       ,3.5       ,40330       ,0.7       ,40330       ,0.2       ,40330       ,35.9       ,40330       ,29.4       ,40330       ,16.4       ,40330       ,1.3
40331       ,92776.7       ,40331       ,17.51       ,40331       ,8.2       ,40331       ,18.4       ,40331       ,4.9       ,40331       ,0.6       ,40331       ,0.3       ,40331       ,28.8       ,40331       ,44.8       ,40331       ,16.5       ,40331       ,1.2
40332       ,98048.7       ,40332       ,12.33       ,40332       ,10.3       ,40332       ,13.2       ,40332       ,3.6       ,40332       ,0.4       ,40332       ,0.2       ,40332       ,26.0       ,40332       ,28.5       ,40332       ,18.8       ,40332       ,1.1
40333       ,97759.7       ,40333       ,13.82       ,40333       ,11.8       ,40333       ,13.1       ,40333       ,4.2       ,40333       ,0.3       ,40333       ,0.1       ,40333       ,25.9       ,40333       ,26.2       ,40333       ,14.9       ,40333       ,1.1
40334       ,94284.0       ,40334       ,18.78       ,40334       ,14.0       ,40334       ,13.3       ,40334       ,3.0       ,40334       ,0.4       ,40334       ,0.1       ,40334       ,35.4       ,40334       ,26.2       ,40334       ,15.7       ,40334       ,1.2
40335       ,97174.7       ,40335       ,3.66       ,40335       ,1.7       ,40335       ,13.6       ,40335       ,3.5       ,40335       ,0.3       ,40335       ,0.0       ,40335       ,25.4       ,40335       ,19.9       ,40335       ,14.9       ,40335       ,1.2
40336       ,95134.0       ,40336       ,18.53       ,40336       ,16.5       ,40336       ,12.6       ,40336       ,3.2       ,40336       ,0.8       ,40336       ,0.1       ,40336       ,28.8       ,40336       ,21.6       ,40336       ,14.7       ,40336       ,1.0
40337       ,92353.4       ,40337       ,11.44       ,40337       ,9.6       ,40337       ,11.5       ,40337       ,1.1       ,40337       ,0.2       ,40337       ,0.1       ,40337       ,23.9       ,40337       ,22.4       ,40337       ,16.3       ,40337       ,1.7
40338       ,95340.5       ,40338       ,29.14       ,40338       ,15.5       ,40338       ,15.6       ,40338       ,1.2       ,40338       ,0.4       ,40338       ,0.0       ,40338       ,29.1       ,40338       ,21.1       ,40338       ,17.6       ,40338       ,1.7
40339       ,93729.9       ,40339       ,10.16       ,40339       ,9.2       ,40339       ,15.7       ,40339       ,2.8       ,40339       ,0.4       ,40339       ,0.1       ,40339       ,28.5       ,40339       ,17.8       ,40339       ,18.8       ,40339       ,1.4
40340       ,88953.5       ,40340       ,8.29       ,40340       ,6.6       ,40340       ,18.2       ,40340       ,4.4       ,40340       ,0.3       ,40340       ,0.1       ,40340       ,30.0       ,40340       ,26.2       ,40340       ,18.1       ,40340       ,1.1
40341       ,93007.3       ,40341       ,17.73       ,40341       ,14.1       ,40341       ,24.8       ,40341       ,6.0       ,40341       ,0.5       ,40341       ,0.1       ,40341       ,25.9       ,40341       ,26.2       ,40341       ,17.5       ,40341       ,1.5
40342       ,91634.2       ,40342       ,14.34       ,40342       ,10.3       ,40342       ,15.5       ,40342       ,3.5       ,40342       ,0.4       ,40342       ,0.1       ,40342       ,39.1       ,40342       ,21.4       ,40342       ,16.4       ,40342       ,1.3
40343       ,98668.2       ,40343       ,11.88       ,40343       ,10.1       ,40343       ,22.1       ,40343       ,6.1       ,40343       ,0.3       ,40343       ,0.1       ,40343       ,24.7       ,40343       ,24.1       ,40343       ,15.7       ,40343       ,1.5
40344       ,97656.4       ,40344       ,18.82       ,40344       ,12.4       ,40344       ,23.0       ,40344       ,4.2       ,40344       ,0.4       ,40344       ,0.1       ,40344       ,27.8       ,40344       ,26.5       ,40344       ,16.3       ,40344       ,1.7
40345       ,94803.6       ,40345       ,18.34       ,40345       ,15.2       ,40345       ,22.3       ,40345       ,4.6       ,40345       ,0.4       ,40345       ,0.1       ,40345       ,30.5       ,40345       ,19.8       ,40345       ,17.7       ,40345       ,1.9
40346       ,96644.7       ,40346       ,10.85       ,40346       ,9.8       ,40346       ,19.2       ,40346       ,4.5       ,40346       ,0.5       ,40346       ,0.1       ,40346       ,46.7       ,40346       ,23.5       ,40346       ,16.8       ,40346       ,1.8
40347       ,91740.9       ,40347       ,10.28       ,40347       ,9.4       ,40347       ,19.4       ,40347       ,4.5       ,40347       ,0.3       ,40347       ,0.1       ,40347       ,27.9       ,40347       ,26.2       ,40347       ,17.7       ,40347       ,1.7
40348       ,86816.4       ,40348       ,11.07       ,40348       ,9.0       ,40348       ,15.4       ,40348       ,4.3       ,40348       ,0.2       ,40348       ,0.0       ,40348       ,19.8       ,40348       ,26.2       ,40348       ,17.2       ,40348       ,1.7
40349       ,86190.1       ,40349       ,13.28       ,40349       ,10.7       ,40349       ,16.6       ,40349       ,4.4       ,40349       ,0.3       ,40349       ,0.1       ,40349       ,28.5       ,40349       ,21.1       ,40349       ,16.6       ,40349       ,1.2
40350       ,92859.3       ,40350       ,9.99       ,40350       ,8.5       ,40350       ,27.0       ,40350       ,6.3       ,40350       ,0.3       ,40350       ,0.1       ,40350       ,24.4       ,40350       ,24.2       ,40350       ,15.7       ,40350       ,1.8
40351       ,95722.4       ,40351       ,13.06       ,40351       ,11.1       ,40351       ,17.5       ,40351       ,5.2       ,40351       ,0.3       ,40351       ,0.1       ,40351       ,29.2       ,40351       ,26.6       ,40351       ,19.4       ,40351       ,2.1
40352       ,95151.2       ,40352       ,14.98       ,40352       ,12.3       ,40352       ,15.9       ,40352       ,4.3       ,40352       ,0.3       ,40352       ,0.1       ,40352       ,27.0       ,40352       ,26.7       ,40352       ,18.2       ,40352       ,1.9
40353       ,94390.7       ,40353       ,10.67       ,40353       ,9.7       ,40353       ,15.2       ,40353       ,3.2       ,40353       ,0.4       ,40353       ,0.1       ,40353       ,25.5       ,40353       ,17.0       ,40353       ,17.4       ,40353       ,1.8
40354       ,91882.0       ,40354       ,9.59       ,40354       ,7.6       ,40354       ,17.8       ,40354       ,4.7       ,40354       ,0.4       ,40354       ,0.1       ,40354       ,25.5       ,40354       ,26.2       ,40354       ,17.2       ,40354       ,1.5
40355       ,89256.3       ,40355       ,12.26       ,40355       ,11.4       ,40355       ,18.0       ,40355       ,4.1       ,40355       ,0.4       ,40355       ,0.1       ,40355       ,29.8       ,40355       ,26.2       ,40355       ,18.0       ,40355       ,1.7
40356       ,90003.0       ,40356       ,17.99       ,40356       ,15.6       ,40356       ,43.4       ,40356       ,5.8       ,40356       ,0.5       ,40356       ,0.1       ,40356       ,37.6       ,40356       ,32.3       ,40356       ,17.7       ,40356       ,1.3
40357       ,111390.6       ,40357       ,16.95       ,40357       ,14.0       ,40357       ,22.0       ,40357       ,5.8       ,40357       ,0.5       ,40357       ,0.1       ,40357       ,25.0       ,40357       ,28.6       ,40357       ,17.6       ,40357       ,0.9
40358       ,95963.3       ,40358       ,15.99       ,40358       ,13.1       ,40358       ,28.4       ,40358       ,5.0       ,40358       ,0.5       ,40358       ,0.1       ,40358       ,27.2       ,40358       ,22.0       ,40358       ,14.6       ,40358       ,0.9
40359       ,91176.5       ,40359       ,18.24       ,40359       ,11.2       ,40359       ,20.2       ,40359       ,3.9       ,40359       ,0.4       ,40359       ,0.1       ,40359       ,28.7       ,40359       ,26.2       ,40359       ,15.7       ,40359       ,1.4
